OFF
#
# SimpleShape
#
# file generated with python script by Marcel Tunnissen
# Vertices Faces Edges
24 8 24
# Vertices
0.816496580928 0 0.57735026919
0.408248290464 0.707106781187 -0.57735026919
-0.408248290464 0.707106781187 0.57735026919
0.816496580928 0 0.57735026919
-0.408248290464 -0.707106781187 0.57735026919
0.408248290464 -0.707106781187 -0.57735026919
-0.816496580928 0 -0.57735026919
0.408248290464 -0.707106781187 -0.57735026919
-0.408248290464 -0.707106781187 0.57735026919
-0.408248290464 0.707106781187 0.57735026919
0.408248290464 0.707106781187 -0.57735026919
-0.816496580928 0 -0.57735026919
-0.816496580928 0 -0.57735026919
0.408248290464 0.707106781187 -0.57735026919
0.408248290464 -0.707106781187 -0.57735026919
-0.816496580928 0 -0.57735026919
-0.408248290464 -0.707106781187 0.57735026919
-0.408248290464 0.707106781187 0.57735026919
0.408248290464 0.707106781187 -0.57735026919
0.816496580928 0 0.57735026919
0.408248290464 -0.707106781187 -0.57735026919
0.816496580928 0 0.57735026919
-0.408248290464 0.707106781187 0.57735026919
-0.408248290464 -0.707106781187 0.57735026919
# Sides and colours
3  0 1 2  0.253906 0.410156 0.878906
3  3 4 5  0.253906 0.410156 0.878906
3  6 7 8  0.601562 0.800781 0.195312
3  9 10 11  0.601562 0.800781 0.195312
3  12 13 14  0.253906 0.410156 0.878906
3  15 16 17  0.253906 0.410156 0.878906
3  18 19 20  0.601562 0.800781 0.195312
3  21 22 23  0.601562 0.800781 0.195312
# END
# Color alternative based on A4
# Used colour alternative 0 (max 0)